0x00000000 || 00101000 10110000 00000000 00000000 00000000 00000000 00000000 00000000 
0x00000040 || 00111000 00010000 00000000 00000000 00000000 00000000 00000000 00000000 
0x00000080 || 00000100 00010000 10000000 00000000 00000000 00000000 00000000 00000000 
0x000000c0 || 00111100 00010000 00000000 00000000 00000000 00000000 00000000 00000000 
0x00000100 || 00001000 00010000 10000000 00000000 00000000 00000000 00000000 00000000 
0x00000140 || 01000000 00010000 00000000 00000000 00000000 00000000 00000000 11111111 
0x00000180 || 00001100 00010000 10000000 00000000 00000000 00000000 00000000 00000000 
0x000001c0 || 00100000 00000000 00000000 00000000 00000000 00000000 00000000 00100000 
0x00000200 || 00100100 00000000 00000000 00000000 00000000 00000000 00000000 00000000 
0x00000240 || 00010000 00010000 00000000 00000000 00000000 00000000 00000000 00101000 
0x00000280 || 00111000 00100000 00000000 00000000 00000000 00000000 00000000 00000001 
0x000002c0 || 00010100 00010000 10000000 00000000 00000000 00000000 00000000 00110000 
0x00000300 || 00011000 00010000 10000000 00000000 00000000 00000000 00000000 00110100 
0x00000340 || 00011100 00100000 01000000 00000000 00000000 00000000 00000000 00111000 
0x00000380 || 01001000 00010010 10000000 00000000 00000000 00000000 00000000 00000000 
0x000003c0 || 00101100 00010010 10000001 00000000 00000000 00000000 00000000 00000000 
0x00000400 || 00000000 00000000 00000000 00000000 00000000 00000000 00000000 00000000 
0x00000440 || 00100000 00000000 00000000 00000000 00000000 00000000 00000000 01000000 
0x00000480 || 00000000 00000000 00000000 00000000 00000000 00000000 00000000 00000000 
0x000004c0 || 00000000 00000000 00000000 00000000 00000000 00000000 00000000 00000000 
0x00000500 || 00000000 00000000 00000000 00000000 00000000 00000000 00000000 00000000 
0x00000540 || 00000000 00000000 00000000 00000000 00000000 00000000 00000000 00000000 
0x00000580 || 00000000 00000000 00000000 00000000 00000000 00000000 00000000 00000000 
0x000005c0 || 00000000 00000000 00000000 00000000 00000000 00000000 00000000 00000000 
0x00000600 || 00000000 00000000 00000000 00000000 00000000 00000000 00000000 00000000 
0x00000640 || 00000000 00000000 00000000 00000000 00000000 00000000 00000000 00000000 
0x00000680 || 00000000 00000000 00000000 00000000 00000000 00000000 00000000 00000000 
0x000006c0 || 00000000 00000000 00000000 00000000 00000000 00000000 00000000 00000000 
0x00000700 || 00000000 00000000 00000000 00000000 00000000 00000000 00000000 00000000 
0x00000740 || 00000000 00000000 00000000 00000000 00000000 00000000 00000000 00000000 
0x00000780 || 00000000 00000000 00000000 00000000 00000000 00000000 00000000 00000000 
0x000007c0 || 00000000 00000000 00000000 00000000 00000000 00000000 00000000 00000000 
